{"cells":[{"cell_type":"markdown","source":["# TRATAMENTO DE DADOS"],"metadata":{"id":"E6QNN8cCHXjr"}},{"cell_type":"code","source":["import pandas as pd\n","import math\n","import numpy as np\n","import seaborn as sns\n","from matplotlib import pyplot as plt\n","from sklearn.linear_model import LinearRegression, LogisticRegression\n","from sklearn.metrics import *"],"metadata":{"id":"uOAXTnzGwHOz","executionInfo":{"status":"ok","timestamp":1710237854303,"user_tz":-60,"elapsed":387,"user":{"displayName":"Gabriel Fontenele","userId":"15515556960070363199"}}},"execution_count":3,"outputs":[]},{"cell_type":"code","execution_count":4,"metadata":{"id":"EGdcVMydoVDw","executionInfo":{"status":"ok","timestamp":1710237854813,"user_tz":-60,"elapsed":512,"user":{"displayName":"Gabriel Fontenele","userId":"15515556960070363199"}}},"outputs":[],"source":["# UPAR O DATA SET E CHECAR O DIRETORIO DOS ARQUIVOS PARA NÃO DAR ERRO\n","\n","df_2 = pd.read_excel('/content/2_detail_table_customers.xls') #Table customers\n","df_3 = pd.read_excel('/content/3_detail_table_vehicles.xls') #Table vehicles\n","df_4 = pd.read_excel('/content/4_detail_table_depots.xls') #Table depots\n","df_5 = pd.read_excel('/content/5_detail_table_constraints_sdvrp.xls') #Table constraints\n","df_6 = pd.read_excel('/content/6_detail_table_cust_depots_distances.xls') #Table cust\n","\n","df_list = [df_2,df_3,df_4,df_5,df_6] #Lista com todos os dataframes\n","#print(len(df_list))\n"]},{"cell_type":"code","source":["ROUTES_IDS = df_2['ROUTE_ID'].unique() #Cria vetor com o ID de cada set de rotas\n","\n","id_cliente_desejado = ROUTES_IDS[0] #Começaremos pegando o primeiro ID\n","\n","'''\n","df_route1 = df_2.loc[df_2['ROUTE_ID'] == ROUTES_IDS[0]] #Filtra pelo primeiro ID\n","df_depot1 = df_4.loc[df_4['ROUTE_ID'] == ROUTES_IDS[0]] #filtra a tabela 4 pelo ID\n","df_route1.head()\n","'''\n"],"metadata":{"colab":{"base_uri":"https://localhost:8080/","height":52},"id":"fVC7Obd62Wd5","executionInfo":{"status":"ok","timestamp":1710237854813,"user_tz":-60,"elapsed":11,"user":{"displayName":"Gabriel Fontenele","userId":"15515556960070363199"}},"outputId":"835c447e-6e1c-4a0e-feff-293a8f799a12"},"execution_count":5,"outputs":[{"output_type":"execute_result","data":{"text/plain":["\"\\ndf_route1 = df_2.loc[df_2['ROUTE_ID'] == ROUTES_IDS[0]] #Filtra pelo primeiro ID\\ndf_depot1 = df_4.loc[df_4['ROUTE_ID'] == ROUTES_IDS[0]] #filtra a tabela 4 pelo ID\\ndf_route1.head()\\n\""],"application/vnd.google.colaboratory.intrinsic+json":{"type":"string"}},"metadata":{},"execution_count":5}]},{"cell_type":"code","source":["# Função que recebe ID da rota e a matriz de clientes\n","      # Retorna: vetor com tuplas, as quais contem limite de peso/volume/tempo_descarrregamento\n","\n","def limits_route(ROUTE_ID, df):\n","\n","  df_route1 = df.loc[df['ROUTE_ID'] == ROUTE_ID] #Filtra pelo primeiro ID\n","\n","  tab_limites = ['CUSTOMER_CODE','TOTAL_WEIGHT_KG','TOTAL_VOLUME_M3','CUSTOMER_DELIVERY_SERVICE_TIME_MIN']\n","\n","  df_lim = df_route1[tab_limites].copy() #Tabela com os requisitos de peso, volume e tempo gasto na entrega de cada cliente\n","\n","  lim_peso = df_lim['TOTAL_WEIGHT_KG'].tolist()\n","  lim_volume = df_lim['TOTAL_VOLUME_M3'].tolist()\n","  lim_time = df_lim['CUSTOMER_DELIVERY_SERVICE_TIME_MIN'].tolist()\n","\n","  lista_limites = []\n","\n","  for i in range(len(lim_peso)):\n","    lista_limites.append([lim_peso[i], lim_volume[i], lim_time[i]])\n","\n","  return lista_limites\n","\n","# Teste da função\n","\n","lista = limits_route(ROUTES_IDS[0],df_2)\n","print (lista)"],"metadata":{"colab":{"base_uri":"https://localhost:8080/"},"id":"S3D0-Stu_jmG","executionInfo":{"status":"ok","timestamp":1710237854813,"user_tz":-60,"elapsed":10,"user":{"displayName":"Gabriel Fontenele","userId":"15515556960070363199"}},"outputId":"93936ae3-39bd-4178-e33e-50dda63fed52"},"execution_count":6,"outputs":[{"output_type":"stream","name":"stdout","text":["[[64.318, 0.32, 19.94], [17.553, 0.046, 11.36], [6.378, 0.041, 8.73], [16.375, 0.046, 9.1], [18.939, 0.074, 11.99], [25.334, 0.097, 10.64], [582.802, 5.0, 53.03], [364.289, 3.0, 18.18], [109.573, 0.308, 11.08], [24.46, 0.061, 10.49], [5.957, 0.039, 8.22], [12.978, 0.025, 10.48], [32.848, 0.11, 15.27], [4.826, 0.061, 8.05], [9.289, 0.024, 7.94], [25.956, 0.058, 8.24], [172.633, 2.0, 21.57], [15.75, 0.028, 8.02], [30.806, 0.073, 11.35], [6.474, 0.029, 8.93], [6.294, 0.013, 7.87], [20.065626, 0.042516, 9.12], [6.859629, 0.030696, 9.19], [15.429162, 0.048828, 10.35], [34.608, 0.077616, 8.4], [7.9128, 0.051564, 8.29], [16.904937, 0.068292, 9.45], [74.042, 0.217, 9.61], [33.29655, 0.084984, 11.92], [25.24725, 0.078468, 13.07], [0.617, 0.004, 7.77], [36.1935, 0.07518, 11.16], [15.4917, 0.062796, 10.16], [21.1785, 0.066276, 11.98], [311.472, 1.0, 13.63], [17.8185, 0.072456, 9.47], [12.778248, 0.0552, 9.6], [54.601, 0.165, 12.21], [16.6022325, 0.085212, 9.51], [17.72295, 0.042192, 9.34], [33.493, 0.131, 12.61], [74.71, 0.534, 14.69], [128.678, 1.2, 18.88], [122.772, 0.461, 23.09], [510.983, 1.992, 43.42], [311.472, 0.699, 13.63], [81.665, 1.0, 16.44], [56.486, 0.465, 16.48], [28.4072145, 0.101688, 11.94], [40.590984, 0.081036, 8.72], [0.867, 0.002, 8.02], [11.4282, 0.036024, 13.26], [1.008, 0.003, 8.52], [11.55, 0.217, 8.76], [0.98, 0.003, 8.52], [46.6, 0.296, 12.93], [11.88159, 0.069564, 9.9], [175.067, 0.786, 23.44], [40.221, 0.103, 13.81], [691.325, 8.647, 70.78], [53.556, 0.224, 14.94], [32.076, 0.132, 13.36], [23.21, 0.116, 11.2], [39.606, 0.0, 8.88], [5.213, 0.02, 8.88], [34.52358, 0.096156, 12.23], [11.1824895, 0.028056, 11.47], [185.692, 0.594, 20.74], [26.85585, 0.0894, 11.63], [110.562, 0.411, 21.27], [94.701, 0.202, 16.74], [121.641, 0.392, 22.54], [582.715, 3.0, 64.44], [67.578, 0.143, 9.24], [0.932, 0.006, 7.79], [283.201, 0.413, 15.92], [17.304, 0.038808, 8.08], [78.75, 0.139, 9.08], [1.782, 0.006, 7.79], [36.854, 0.129, 9.89], [6.233, 0.019, 8.64], [23.94, 0.039036, 8.64], [43.26, 0.09702, 8.57], [477.668, 3.5, 39.94], [4.725, 0.022, 8.64], [45.8472, 0.069648, 9.73], [14.9170665, 0.070632, 15.69], [35.898408, 0.10122, 9.76], [25.886616, 0.09564, 12.65], [118.125, 0.208, 9.74], [29.293, 0.131, 10.07], [13.02, 0.015, 8.19], [11.299407, 0.053136, 12.33], [7.35966, 0.033744, 11.21], [26.295192, 0.100836, 9.42], [2.748, 0.009, 9.06], [17.22042, 0.063684, 10.18], [12.497457, 0.051288, 11.58], [14.09205, 0.0321, 8.27], [37.8, 0.101376, 9.03], [3.219, 0.02, 8.12], [10.08, 0.02, 7.93], [0.598, 0.002, 8.26], [172.647, 0.523, 13.32], [25.716, 0.149, 9.36], [87.056, 0.111, 10.54], [2.872, 0.006, 8.8]]\n"]}]},{"cell_type":"code","source":["# Função que recebe ID da rota, matriz de clientes e matriz de depots\n","      # Retorna: matriz de distancias entre clientes e clientes e clientes e deposito\n","      # O deposito está indicado com indice 0 (zero) na matriz\n","\n","def distance(ROUTE_ID, df1, df2):\n","  df_route = df1.loc[df1['ROUTE_ID'] == ROUTE_ID] #Filtra a tabela de clientes pelo primeiro ID\n","  df_depot = df2.loc[df2['ROUTE_ID'] == ROUTE_ID] #filtra a tabela de depot pelo ID\n","  #Começa o tratamento de dados do dataframe\n","\n","  tab_dist = ['CUSTOMER_LATITUDE','CUSTOMER_LONGITUDE']\n","  tab_depot = ['DEPOT_LATITUDE','DEPOT_LONGITUDE']\n","\n","  df_dist = df_route[tab_dist].copy()\n","  df_depot = df_depot[tab_depot].copy()\n","\n","  df_dist.columns,df_depot.columns  = ['LATITUDE', 'LONGITUDE'],['LATITUDE', 'LONGITUDE']\n","\n","  latitude_list = df_dist['LATITUDE'].tolist()\n","  latitude_list.append(df_depot['LATITUDE'].tolist()[0])\n","\n","  longitude_list = df_dist['LONGITUDE'].tolist()\n","  longitude_list.append(df_depot['LONGITUDE'].tolist()[0])\n","\n","  #Desliza 1 unidade para direita, para que o deposito fique na primeira posição\n","\n","  latitude_list = latitude_list[-1:] + latitude_list[:-1]\n","  longitude_list = longitude_list[-1:] + longitude_list[:-1]\n","\n","  #Termina o tratamento de dados do dataframe e cria um novo\n","\n","  new_df = pd.DataFrame({'LATITUDE': latitude_list, 'LONGITUDE': longitude_list})\n","\n","  distance_matrix = []\n","\n","  for i in range(len(latitude_list)):\n","    distance_matrix.append([])\n","    for j in range(len(longitude_list)):\n","      distance_matrix[i].append(math.sqrt((longitude_list[i] - longitude_list[j]) ** 2 +\n","                                    (latitude_list[i] - latitude_list[j]) ** 2))\n","  return distance_matrix\n","\n","distancias = distance(ROUTES_IDS[0],df_2,df_4)\n","print(distancias)"],"metadata":{"colab":{"base_uri":"https://localhost:8080/"},"id":"WdcuEiEJCsuU","executionInfo":{"status":"ok","timestamp":1710237854813,"user_tz":-60,"elapsed":8,"user":{"displayName":"Gabriel Fontenele","userId":"15515556960070363199"}},"outputId":"56c3270f-03b5-44c8-9e6a-c421f4c9706c"},"execution_count":7,"outputs":[{"output_type":"stream","name":"stdout","text":["[[0.0, 0.2769414601804545, 0.29544950825842564, 0.28128030831990153, 0.5045318830653654, 0.46203545374192406, 0.30510012996971275, 0.20383444917354676, 0.32002378729500885, 0.1982473475153774, 0.27056169473050673, 0.5041942615806718, 0.28186800779351423, 0.504046193495874, 0.24781085353008794, 0.29420989528964137, 0.19398048855408936, 0.2802779454986132, 0.20568055249411288, 0.22008651612373695, 0.22570727150112554, 0.1763468168982505, 0.5038797866778518, 0.28498702640482965, 0.21669871574944516, 0.19055780668469852, 0.49697558995053515, 0.17365583902974255, 0.2848643223839793, 0.370513971242125, 0.5086777489335284, 0.5049761228672888, 0.5096072498668743, 0.39486367117358734, 0.5140645261854582, 0.29139947045505044, 0.28226035548164785, 0.25027157752553675, 0.31831536449708075, 0.2917689573160043, 0.29591562807848293, 0.46053411514879644, 0.45573054521930695, 0.5039953324953337, 0.2824422551597, 0.20133300964989037, 0.1935523404066281, 0.29250669540419466, 0.19929796758778132, 0.3322343570573712, 0.2931001120400375, 0.5146866090763204, 0.2873957174842425, 0.5100686515657322, 0.2797080106784283, 0.2801717111292369, 0.19952558347185315, 0.3629094863186722, 0.29861904708220266, 0.2588448593510969, 0.19861330041486103, 0.3602698311272865, 0.22340394966849464, 0.27418369894121064, 0.4256031615907266, 0.20529585216775234, 0.22409613510072846, 0.19085279066516955, 0.27533071910973483, 0.19665294169778708, 0.45629111394722915, 0.20331936690901836, 0.284623646984369, 0.2348682639155038, 0.33587634007285083, 0.4974891558915431, 0.4974964517180798, 0.3201539910653679, 0.2909122395614446, 0.003621956913508882, 0.21187465461093727, 0.29527177735043636, 0.3119491383061406, 0.20224113223220433, 0.22947518642738474, 0.24445643483918292, 0.007136427053034451, 0.27269607095243004, 0.2916633561368854, 0.3323358019435209, 0.03282675761757974, 0.28837036886546635, 0.5377110560368112, 0.24968724887014854, 0.2131257889040426, 0.5056904314660122, 0.28107860146464564, 0.03861260471556006, 0.21587138742844691, 0.4616496075855408, 0.5031817165536562, 0.2173122785124742, 0.1176891814649571, 0.2834680649707903, 0.012839864387260157, 0.5042856594755226, 0.2953097492733382, 0.5040302437845182], [0.2769414601804545, 0.0, 0.2942555441278904, 0.5417624516224429, 0.7161589017110667, 0.34135869400395386, 0.5677977961264418, 0.09354477911673982, 0.5795249112131076, 0.096566201126479, 0.01755159722076477, 0.7119684201563969, 0.34925252898153547, 0.7119422251840368, 0.46898937259522344, 0.5539381199827259, 0.11196741133025748, 0.34973788316688165, 0.09746333567039105, 0.07332877334307258, 0.10218066402210996, 0.260440222289108, 0.7114198416549087, 0.5454680958834773, 0.07593230348083124, 0.10936395201344692, 0.7043568320815812, 0.11106652572219726, 0.34284071243071196, 0.6029480010325553, 0.717052786690073, 0.7136180177097523, 0.7173992637994523, 0.6115589051759452, 0.7218529909198946, 0.5511153768495304, 0.3513833267025477, 0.22501701587118006, 0.372788038567666, 0.5512935248040938, 0.2915822137922642, 0.34028976622872464, 0.3413411692134435, 0.7107902985409966, 0.34846907422576273, 0.09719141371541115, 0.10089649746150817, 0.5535178285294862, 0.09584277832178713, 0.39262419097707985, 0.5531908102092782, 0.7219089536084168, 0.548487500131041, 0.7248893339676075, 0.3484808283105368, 0.3495297257416017, 0.10214914218924875, 0.29014127403731715, 0.14966550871860376, 0.34670251927192547, 0.1018359091872754, 0.2889510989769674, 0.10216351843980324, 0.3454437880871492, 0.6539123230880323, 0.0948833915919929, 0.10889880486029083, 0.10689693400654361, 0.004680277769535088, 0.09917604184518157, 0.3419976353694249, 0.10394520575764797, 0.3517094542374382, 0.10011770772445396, 0.5947136066145076, 0.7046865291744963, 0.7046955703706372, 0.5816700770196107, 0.5504732259905956, 0.273559868767329, 0.09931064553711834, 0.29739252462024107, 0.3643089941256882, 0.09528359323618893, 0.12044136540242047, 0.050188510637394546, 0.2714439067284405, 0.5338245557605031, 0.5514167391068291, 0.2812091883367231, 0.24657278681963046, 0.3452719050391486, 0.7339812736425906, 0.04313711873780872, 0.08490711731031333, 0.7141988298086172, 0.5411997950565225, 0.3144652673576482, 0.08010659024075299, 0.3411038881338046, 0.7118812707888882, 0.10006493191922557, 0.39132001789585824, 0.3491086222080425, 0.2860465224399665, 0.7124976936727584, 0.5563659548354817, 0.7119677861392316], [0.29544950825842564, 0.2942555441278904, 0.0, 0.5517283501469544, 0.7956848801692825, 0.1909165333263414, 0.5706142355155426, 0.2184477168798098, 0.5887324325787926, 0.219749316017143, 0.2767687419579776, 0.7963149493573495, 0.07942858005780763, 0.7961406288150352, 0.5418209353632835, 0.5645605260093899, 0.20304569773822506, 0.08141993421780586, 0.21165965465813769, 0.2321668534696566, 0.19544528894297264, 0.12020373892687246, 0.7960584056882496, 0.5551347788254574, 0.23145415094776045, 0.20966678594856655, 0.7892807322683124, 0.29413910547562927, 0.06865606404389743, 0.6573593372238907, 0.8005975335772666, 0.7968821344025716, 0.8016523940524334, 0.6865800993984631, 0.8060519909100151, 0.561983565747259, 0.08185384490290873, 0.07097815491919025, 0.0854619772476059, 0.5625561704539243, 0.003563073111798708, 0.18944501906885783, 0.18189239283158795, 0.7963401670203526, 0.07792856738090728, 0.21576939451646093, 0.2185193380229766, 0.5613690654551604, 0.21969110706621617, 0.10430206693362558, 0.5630897703297418, 0.8067979527056333, 0.5565665737447764, 0.8002157749069977, 0.08029384266554708, 0.0812431168838313, 0.21077310098777308, 0.08814721487375446, 0.16343433375518704, 0.09745059047555686, 0.2120143757625945, 0.08557896219282081, 0.19627118751869949, 0.08133642683324557, 0.7126180886477064, 0.21532834242152532, 0.18889729148402548, 0.21277813912618584, 0.2896128316390708, 0.21764456878075134, 0.18228061484173122, 0.20538260931734323, 0.08029804337590989, 0.19523183093441057, 0.6043091369554306, 0.7898285998936728, 0.7898354125322561, 0.5861853921840795, 0.5617220808231177, 0.29272209955860984, 0.20506850246930197, 0.003914303258562912, 0.07788251083659699, 0.21754106281344035, 0.17555111406653479, 0.24658438176413583, 0.2968833418196448, 0.5430455851701401, 0.5621811799287421, 0.056045926033922645, 0.2714426030858122, 0.06891470630499373, 0.8316305084254695, 0.25282185739568036, 0.22208477263645776, 0.7976186757154088, 0.5519890777762041, 0.3229199999647921, 0.22631788840036762, 0.19052513285653314, 0.7950983949738586, 0.2011937719960592, 0.3871162568529723, 0.07788847751753471, 0.30781192103295896, 0.7963030711136334, 0.5638887112631347, 0.7961152502307697], [0.28128030831990153, 0.5417624516224429, 0.5517283501469544, 0.0, 0.26402078835986087, 0.7333489136131773, 0.026943802271706275, 0.48169729260912403, 0.03874457222895065, 0.4759718517727271, 0.539308570587361, 0.2689117657652038, 0.51149959115053, 0.2686208526930853, 0.1212426950939706, 0.013029551361430726, 0.4737731745799454, 0.5092463416889212, 0.4844082998842613, 0.49585679420288487, 0.5059066790487734, 0.43410225183668594, 0.26896246215663333, 0.0037331003172429017, 0.49255729338511806, 0.46970470933253267, 0.26335260568022, 0.43086187572729384, 0.5185916791694188, 0.12395641320008816, 0.27192374865642277, 0.2684037994856999, 0.2734992983445472, 0.16977913110438858, 0.27732386164872275, 0.01031195699953487, 0.5108329293906942, 0.5215343327401726, 0.5451604087296961, 0.01083797188688514, 0.5531692007210425, 0.7318308942617546, 0.7260023108516683, 0.2700729781362102, 0.5126387564102434, 0.4795792232348682, 0.47150916046240354, 0.011787452131828862, 0.47702071996334333, 0.5523476921509495, 0.011822088857735344, 0.27860915916416085, 0.006959651195296278, 0.2646408744796672, 0.5092173152815581, 0.5092268719844412, 0.4784164721869015, 0.6304158820963794, 0.5798160154098524, 0.48416834685406607, 0.47736551115844245, 0.627687818166928, 0.5035455885102758, 0.5039824280170473, 0.17362253389466661, 0.48356867644085566, 0.5047237416402772, 0.4696195179105732, 0.5412504621976435, 0.4746934589436034, 0.7265107459749354, 0.4827645139700742, 0.5136227518398657, 0.5150877833278115, 0.054602697860453325, 0.2640374920793635, 0.2640412137780007, 0.03990771097620386, 0.009997354655267389, 0.28487530044558274, 0.4912863751427485, 0.5504347073146466, 0.5415002195978366, 0.4802409029784134, 0.5106321111435892, 0.5182076739616673, 0.2841403136117108, 0.008742152769804428, 0.010537843988602373, 0.5978151303605296, 0.3138934620433501, 0.5216911487703361, 0.3127467400917923, 0.522436136249189, 0.49044331005387365, 0.2691928258289247, 0.0015385766316987843, 0.24387346074498498, 0.49255875889964534, 0.7329544721037983, 0.26679763722522454, 0.4970660592484257, 0.1677106646677217, 0.5135776525665411, 0.26908862520954135, 0.2683964855675691, 0.014622357640276085, 0.2685510528040444], [0.5045318830653654, 0.7161589017110667, 0.7956848801692825, 0.26402078835986087, 0.0, 0.9663910910322433, 0.25777618864558927, 0.6810719650668361, 0.2382446774510711, 0.675440492789705, 0.7192202952816367, 0.012986554585414674, 0.7650959433299876, 0.01260876282590547, 0.2578667731377276, 0.25378639949769144, 0.6784759339136501, 0.762984880535949, 0.6855890116534844, 0.690156209346844, 0.7102909292677186, 0.675549887503511, 0.013816710393551326, 0.2617119794689348, 0.6872548717853546, 0.6728474139803168, 0.01706932921939067, 0.6098655757755164, 0.771119916096064, 0.14206240143524512, 0.011148533535849584, 0.009997424668380581, 0.013175803580802389, 0.10968727364649086, 0.014973683581532319, 0.2554666351991969, 0.7647106583067587, 0.754788862785861, 0.8000965076967482, 0.2546684417695384, 0.7966111938078698, 0.9648945509743561, 0.9602144438093023, 0.016251092270983186, 0.7660970605744202, 0.6799354360525727, 0.6717714635945797, 0.25883157303544213, 0.676414012664465, 0.8090607100396188, 0.25556992389559535, 0.016769382815114982, 0.262125227515404, 0.013091103849560306, 0.7628047950819405, 0.7629410066558243, 0.680370772042716, 0.867260631298342, 0.7921844010077445, 0.7383664464677634, 0.6790443435446627, 0.8646038004195917, 0.7078305099386454, 0.7573877318177278, 0.09070554820621174, 0.6837273240846841, 0.710973480518088, 0.6718263897764061, 0.7171294327386134, 0.6749192502933067, 0.9607785661276383, 0.6859290246811293, 0.7674350571220987, 0.7191066678177854, 0.2276439096128856, 0.01733204258014403, 0.017322892368191223, 0.2455871698603168, 0.2553060153390408, 0.5077147270859916, 0.6938688866039483, 0.7949639434590765, 0.7956393852005283, 0.6800082657438836, 0.7201317018434893, 0.7073866598261548, 0.5047563725204506, 0.2713224542777495, 0.25541696335249675, 0.8362249150707003, 0.5336172550620915, 0.7743979030304551, 0.05664044683792799, 0.7096684622082362, 0.6880894423979715, 0.010394864116476865, 0.26309928502720564, 0.4733836473756988, 0.6888051487176909, 0.9660071562881932, 0.010143707409028518, 0.7003617057635291, 0.4111600820335256, 0.767078050787534, 0.4917194144021598, 0.011519399680539864, 0.25734220951876946, 0.01247416530273422], [0.46203545374192406, 0.34135869400395386, 0.1909165333263414, 0.7333489136131773, 0.9663910910322433, 0.0, 0.7538353957260046, 0.3120001543968956, 0.7712175147803205, 0.31639807462828823, 0.32614456060579183, 0.9657364312597307, 0.25991435310018574, 0.965600009195776, 0.7089247020873969, 0.7463335744116195, 0.30614520246132926, 0.26235342819780466, 0.30545752143479327, 0.3137591929660151, 0.2800421127542927, 0.30018116016050445, 0.965396610894891, 0.7368812257951701, 0.31519749485994814, 0.31311073005645745, 0.9584444527867473, 0.3981102963141839, 0.24909922405396773, 0.8320338123368085, 0.9702966747740023, 0.9666055233920822, 0.9711738127974213, 0.8567040138468408, 0.9756486999788818, 0.7436599605437222, 0.2619182041013924, 0.21248498473401525, 0.24472918773731336, 0.744174149978914, 0.18843734650192998, 0.001518394246465392, 0.010468099745786351, 0.9654327865620094, 0.2583339596802097, 0.311361648637859, 0.31818455232849513, 0.7435627108862345, 0.3157268810274466, 0.2543784103676374, 0.7449605478547754, 0.9762169111673311, 0.7386222734192935, 0.972077387845171, 0.261579840719977, 0.26223867566899617, 0.308544589607381, 0.1043465592182521, 0.1984313043410443, 0.2838218135542802, 0.3100584767260645, 0.107073616735813, 0.2822206227150771, 0.2646221505872269, 0.8872626530114671, 0.30860066860019364, 0.2763666488454891, 0.3152959003052342, 0.33718532972340876, 0.31565727561723905, 0.010434752408934465, 0.3020952483159657, 0.25949704421647796, 0.2735589928872531, 0.787002871429523, 0.9589404012755344, 0.9589479229064957, 0.7694095337535725, 0.7433251962858216, 0.45879444570339556, 0.29645135555683816, 0.1934704425980566, 0.24173585684791093, 0.31223027590220276, 0.2634274301778149, 0.3119002512796121, 0.46164377516141714, 0.7246091322497386, 0.7438801138062057, 0.1377309059410716, 0.43284668604494086, 0.24764193366204967, 0.9977622176458615, 0.31467485096824305, 0.30933529320155867, 0.9673102014981986, 0.7334678888353354, 0.4949614435478749, 0.31124136153327486, 0.00039670403035632905, 0.9648094842913238, 0.289977195930797, 0.5661452812563725, 0.2578530848046772, 0.4748710079816263, 0.9658716106429094, 0.7461897430348962, 0.965588141276437], [0.30510012996971275, 0.5677977961264418, 0.5706142355155426, 0.026943802271706275, 0.25777618864558927, 0.7538353957260046, 0.0, 0.506549999908642, 0.019876964205132498, 0.5008378214768171, 0.5651134423893024, 0.2638434637940531, 0.5278316251766719, 0.26352551386012724, 0.14469082354263316, 0.018179352153080395, 0.4982547476843997, 0.5255355326714796, 0.5091214343190098, 0.5210016737395833, 0.5303003050020281, 0.45399823052609795, 0.2639811972527649, 0.02353145313206342, 0.5176873541173443, 0.49432321669899776, 0.25883458740177145, 0.4569901901274981, 0.5352645086318022, 0.1227859248641761, 0.2664195881042633, 0.263034127546301, 0.26811304586245627, 0.171424701020143, 0.2716892979869538, 0.020229736287102538, 0.5270673076637662, 0.5425604169966642, 0.560899594499238, 0.020571633312739052, 0.5721653773931484, 0.752317002843247, 0.746313452888161, 0.2653016388118358, 0.52901541629785, 0.5043692876599889, 0.49633454470714183, 0.015537243984880673, 0.5018883275209829, 0.5673459767232768, 0.017763157181248938, 0.27310414297121993, 0.019984255128617144, 0.2570892091575356, 0.5255599762958031, 0.5255247831141797, 0.5030932767888532, 0.650496477606484, 0.6032728556786257, 0.5003776405606027, 0.5020665999232038, 0.647762852597496, 0.5279550923321464, 0.520406322607946, 0.16715044649149416, 0.5083591053336668, 0.5289689263908105, 0.49430925232271794, 0.567226713554155, 0.4995101103753974, 0.7468116400311366, 0.5073339173454179, 0.5298714213401621, 0.5394802404376308, 0.034084884927185366, 0.25954165683690117, 0.25954441866941336, 0.015585428266356428, 0.021083465756712823, 0.30871066994168933, 0.5158705645149244, 0.5691942878016675, 0.5575457275993383, 0.505070830407743, 0.534575222221386, 0.5435928673666044, 0.30823137045383125, 0.03411775686257911, 0.019913594140647847, 0.6176989516855955, 0.3378376519129353, 0.5382947099229006, 0.3089732307128674, 0.5479176454414898, 0.5153863012235607, 0.2638210902461094, 0.027892866270617607, 0.2672814378735741, 0.5175885821142542, 0.7534400674898067, 0.2615160498452177, 0.5215754709610535, 0.189854662526539, 0.5299365479864981, 0.2930941670054978, 0.2631941427750745, 0.013038630474313343, 0.2634444635999104], [0.20383444917354676, 0.09354477911673982, 0.2184477168798098, 0.48169729260912403, 0.6810719650668361, 0.3120001543968956, 0.506549999908642, 0.0, 0.5202868538348449, 0.005753372923773963, 0.0797839722312704, 0.6784466052682375, 0.2632015845317042, 0.6783694926070877, 0.42561792094560774, 0.4943989834233053, 0.01864250251441332, 0.2633902601184271, 0.007052694520534894, 0.020422813224431575, 0.0320423875514898, 0.16771257945068024, 0.6779888679252007, 0.48542974366384617, 0.017619195915411563, 0.016159767943878377, 0.6709090945873373, 0.08623746352949058, 0.25798404020403976, 0.5574995575299757, 0.6833388215226758, 0.6797540826651917, 0.6839318926618323, 0.5730016547969131, 0.6884369990057166, 0.4915635158349335, 0.26516791009009877, 0.1474975094514204, 0.2900864304929303, 0.4918538034076009, 0.2163505528072417, 0.310679770342391, 0.3091694255582232, 0.6776606776256089, 0.262592018506202, 0.0036466422912073125, 0.010282280875369948, 0.4932195632778556, 0.004722316427272543, 0.3097467370543359, 0.4934348804046982, 0.688729033074691, 0.4881082938242283, 0.6885378951081793, 0.26217653480050307, 0.26318747826787, 0.008827448668781787, 0.23712484517654164, 0.11637812337376557, 0.25768635076397417, 0.008309374224329391, 0.23526930122733583, 0.029800785224555638, 0.2586136387509376, 0.6109124574314945, 0.003469020034534366, 0.03582044667505032, 0.0142879109739663, 0.08986799931009883, 0.007223265001202664, 0.30981879902013576, 0.013081991438617522, 0.26582732910669377, 0.039517015322514074, 0.5359582885137949, 0.6713187637032036, 0.671327190124158, 0.5212305689423835, 0.4910065449857776, 0.20023802760714357, 0.015668219969096193, 0.22101646861716315, 0.2815771253739772, 0.0018204724661459882, 0.049565826937517016, 0.04624928648098291, 0.19964654868040937, 0.47332275990501355, 0.4918452486453539, 0.21936327601720304, 0.17128899818727356, 0.2607310893790077, 0.7054149655755824, 0.053127569236697245, 0.00981735404002433, 0.6803970984652996, 0.4813410576913452, 0.24244609135706546, 0.013973278069227718, 0.3116727854657829, 0.6779735679213478, 0.02202417081299363, 0.32147189919153957, 0.263325084258981, 0.21486963978188994, 0.6787999691580726, 0.49605890053500507, 0.6783781016512831], [0.32002378729500885, 0.5795249112131076, 0.5887324325787926, 0.03874457222895065, 0.2382446774510711, 0.7712175147803205, 0.019876964205132498, 0.5202868538348449, 0.0, 0.514557590395633, 0.5773224076089055, 0.24450030857068974, 0.5468010103289515, 0.24417779571648765, 0.14398281430550033, 0.025892489254285934, 0.5124581776287316, 0.5445159732199075, 0.5230394697702666, 0.5343292614206743, 0.5446054023786026, 0.4716450961254912, 0.2446538041102563, 0.03503722117122248, 0.5310370396596867, 0.50836102877164, 0.239601686311603, 0.46853446185142356, 0.5541409662361735, 0.10503477062875077, 0.2469975836577433, 0.24363837544311945, 0.24870947175120267, 0.15430289396561397, 0.25224085460876966, 0.028725861692264817, 0.5460625129572095, 0.5596206782934533, 0.5800246439864566, 0.028436338353324073, 0.5902379606771825, 0.7696992177685781, 0.7637878717884725, 0.24601203532543753, 0.5479729897051866, 0.5181887223722267, 0.5101085076822007, 0.027743359994118602, 0.5156058069563244, 0.586637633572524, 0.026929191420524395, 0.2536758633838923, 0.0327894990441033, 0.23739013216215524, 0.5445261293653046, 0.5445029004523125, 0.5170577487430795, 0.6680807060425843, 0.6185487973230238, 0.5193747536341496, 0.5160005010747202, 0.6653495964340553, 0.542241803658996, 0.5393496204809278, 0.1477124385212581, 0.5221777063929119, 0.5434432163203093, 0.5082581462113128, 0.5790836746968122, 0.5132952423816788, 0.7642914368219773, 0.5214310675818649, 0.5488633227767719, 0.5537862803236998, 0.015900052473907328, 0.24031229230266693, 0.2403148599324694, 0.009317614016649817, 0.029281769017266784, 0.32361916222492637, 0.529949076448825, 0.5873637705932865, 0.5765945855271758, 0.51883797087781, 0.5493741589850764, 0.5565481800196302, 0.32288099114404917, 0.04735078219280408, 0.0284468670073896, 0.6353767393406362, 0.3526376742047877, 0.5571912596840709, 0.28983847463797047, 0.5607140596173437, 0.5290005530254807, 0.2444241959581014, 0.03899238221213095, 0.28258483024151315, 0.5310820149859717, 0.7708226356513923, 0.24213721018002346, 0.5357442884529526, 0.20610037690836, 0.548899066229996, 0.30783245345278853, 0.2438275815872454, 0.025051517115003485, 0.2440947981407288], [0.1982473475153774, 0.096566201126479, 0.219749316017143, 0.4759718517727271, 0.675440492789705, 0.31639807462828823, 0.5008378214768171, 0.005753372923773963, 0.514557590395633, 0.0, 0.08340540632956685, 0.6728382638494883, 0.26292434234965856, 0.6727603900349629, 0.41992158629732335, 0.48867024723221747, 0.01747433546661895, 0.263058552403934, 0.01098785693390779, 0.024350741261818964, 0.0368242379418771, 0.16576290497575438, 0.6723819615598662, 0.4797043823042961, 0.021208980435316573, 0.012944141531982716, 0.6653028081257425, 0.08219626667921079, 0.2579239502256434, 0.5517705320511636, 0.6777269993883948, 0.6741404441212485, 0.6783237151242716, 0.5673373568697897, 0.6828290644809981, 0.4858346683800979, 0.26485774129625, 0.14889509362894496, 0.29031604101242914, 0.4861241051041614, 0.217726748471564, 0.31506890071856025, 0.31344575575369155, 0.6720584296770612, 0.2623470168104874, 0.005037231382419982, 0.004866210024238916, 0.4874970946580066, 0.0010525789468271486, 0.3099221705461045, 0.4877078077086706, 0.6831246610246162, 0.48238612023979094, 0.6828885376838595, 0.261854678972899, 0.2628570728304664, 0.009047101745863593, 0.24040252598506456, 0.12137208616481719, 0.256816471367689, 0.007738862965577218, 0.23850719905277432, 0.03449382698397232, 0.2581987312284881, 0.6051982472618256, 0.008352173369850398, 0.04003187355096289, 0.010330948649566487, 0.09304490636246522, 0.002647551487242905, 0.3140936588189586, 0.015137139756246523, 0.2655763532395139, 0.044680602055029946, 0.5302264012921603, 0.6657136480499672, 0.6657220640026852, 0.5155116399267814, 0.48527699226553167, 0.19465398480380208, 0.020016626014392892, 0.22224200975513633, 0.2818154669546602, 0.004577232788490509, 0.05337204980137136, 0.050472592562697566, 0.19402200004122908, 0.4676003981667445, 0.48611657675130643, 0.22203878770386118, 0.16573644861646902, 0.26071909308097235, 0.6998861047756254, 0.05716978234172393, 0.014977823992396914, 0.6747843116878137, 0.47561387441287056, 0.23685653999059864, 0.018488077239128105, 0.3160680807990599, 0.6723594890384164, 0.026631578999376033, 0.3158648187899607, 0.2630956025858282, 0.20924151069995342, 0.6731889311693993, 0.4903367439831497, 0.6727687419165642], [0.27056169473050673, 0.01755159722076477, 0.2767687419579776, 0.539308570587361, 0.7192202952816367, 0.32614456060579183, 0.5651134423893024, 0.0797839722312704, 0.5773224076089055, 0.08340540632956685, 0.0, 0.7153273821719667, 0.33233270820820443, 0.7152913532016173, 0.46995473262766874, 0.5516256410583176, 0.09777369935212504, 0.33285201774907813, 0.08298361901604351, 0.05936115956583095, 0.08552233442206655, 0.24520951167726163, 0.7147956090661292, 0.5430267919574405, 0.06228061889501066, 0.09588128725147639, 0.7077205953941174, 0.11056771447850505, 0.3258024647620079, 0.6037745013865062, 0.7203809395625362, 0.716913082489781, 0.7207753226942494, 0.6137922572866196, 0.7252442886814073, 0.5487952217220945, 0.3344804236918666, 0.20766251428057889, 0.35555120466083223, 0.54899931317187, 0.2740835494972264, 0.32504775043830086, 0.32585996253759153, 0.714223208825506, 0.33153050724381516, 0.08340195216540554, 0.0879834587010566, 0.5510303683691132, 0.08258933302297362, 0.37538739588074577, 0.55082742693606, 0.725345703099565, 0.5459729531991503, 0.7277144524640177, 0.3315910162911522, 0.3326434172142906, 0.08809537198400334, 0.2730361141039735, 0.1328953974560396, 0.3302150210758705, 0.08795008723702111, 0.27181217133343705, 0.08565634515317799, 0.32862143664861626, 0.655318254535619, 0.08072192245604638, 0.09219940859354846, 0.09365107957199414, 0.012877059641081122, 0.0859376936818631, 0.326517787469654, 0.08922925991512091, 0.33476849192389363, 0.08300484820177453, 0.5926441810310116, 0.7080660864107258, 0.7080750207463901, 0.57919442627239, 0.5481714572771528, 0.2671083135827109, 0.08392563142449205, 0.2799185483046835, 0.3470799002289127, 0.08157653096939084, 0.10335866903651496, 0.034448160255666056, 0.26534951227579034, 0.5312562645083645, 0.5490926040352135, 0.26376346164698244, 0.23947024801632533, 0.3282020120264409, 0.7383067436973624, 0.027265523321586976, 0.07061771468680936, 0.7175065986212262, 0.5387922725920676, 0.3085383753416406, 0.0659538643674522, 0.32588187133530294, 0.7151657668715733, 0.08410620491378602, 0.3862009790398737, 0.3321592033122055, 0.28018558911014657, 0.715823429101062, 0.5538811804936147, 0.7153136815866183], [0.5041942615806718, 0.7119684201563969, 0.7963149493573495, 0.2689117657652038, 0.012986554585414674, 0.9657364312597307, 0.2638434637940531, 0.6784466052682375, 0.24450030857068974, 0.6728382638494883, 0.7153273821719667, 0.0, 0.7669436772671093, 0.00040853396431667094, 0.2568323021133867, 0.2590566834690803, 0.6761979817331562, 0.7648554066132035, 0.6830639443712394, 0.687190266592884, 0.7079020158185687, 0.6761268573470512, 0.000881030475806977, 0.26673798612935784, 0.6843219151258407, 0.6704858776290474, 0.0076123189633610115, 0.606299687774946, 0.7728111495054877, 0.14580630343122924, 0.005228575331772639, 0.003103949097521519, 0.00548605504894022, 0.10973745121880295, 0.009992927498987518, 0.2606294390509194, 0.7665993551494474, 0.7544527104644573, 0.8021067366224551, 0.25981968218193585, 0.7971851020308847, 0.9642434751140374, 0.9596741960165434, 0.0032679351278769413, 0.7679239586180127, 0.6773751907178152, 0.6692304127129894, 0.26420600788021226, 0.6738040632672361, 0.811351100179943, 0.26084621868065816, 0.010494836825794196, 0.2673198049153854, 0.02559324910987065, 0.7646538524064296, 0.7648080709936285, 0.6779104615286562, 0.8670779298309873, 0.7901450921191575, 0.7403320411884784, 0.6765705040126978, 0.8644313382218353, 0.7054417856917724, 0.7592170920547, 0.09684357024907977, 0.681143197940049, 0.7087051947036919, 0.6694082044612194, 0.7130176495010484, 0.6723661393470624, 0.9602428825116444, 0.6835296585372133, 0.7693112494302882, 0.7166704769278505, 0.23447424654498275, 0.007321509407217379, 0.007312072209707577, 0.25209962990849, 0.26042998454858396, 0.5073317085497399, 0.6914091077046909, 0.7956568204948653, 0.7975335589797252, 0.6774107610600811, 0.7180572329556982, 0.7040627978383734, 0.5042351556565638, 0.2759912129349388, 0.2605946355794916, 0.8362340586970803, 0.5328897620521491, 0.7761099581864405, 0.04668420994298302, 0.7062234329962416, 0.6853352067847861, 0.0030611435771607043, 0.2679354419120847, 0.47366336133515263, 0.6859623109909133, 0.9653538718003843, 0.003085741401994754, 0.697929435186677, 0.4128979428897793, 0.7689098398381927, 0.49140800369957177, 0.0014690367592380554, 0.2628281145539793, 0.0005412947441090911], [0.28186800779351423, 0.34925252898153547, 0.07942858005780763, 0.51149959115053, 0.7650959433299876, 0.25991435310018574, 0.5278316251766719, 0.2632015845317042, 0.5468010103289515, 0.26292434234965856, 0.33233270820820443, 0.7669436772671093, 0.0, 0.7667352811759724, 0.5181890050323933, 0.5239411504835237, 0.24545059665847482, 0.0024998202839607597, 0.25719631101553664, 0.28036137893796875, 0.24713596601870896, 0.1146040920124548, 0.7667678107602691, 0.5146822531752469, 0.2788497666642505, 0.2509540296548362, 0.7602170745911994, 0.32598074884262984, 0.011084065138746213, 0.6241763384187218, 0.770925326669192, 0.7672207824348845, 0.7721383148762895, 0.657702411809476, 0.7764273756765644, 0.521533789125885, 0.002468146055201118, 0.12858073023424582, 0.03645628615933268, 0.5221796270004452, 0.08293591260726517, 0.2585318084878518, 0.25007185287432976, 0.7672772487829945, 0.0015889876528786503, 0.2599484635461386, 0.2604368825646591, 0.5202005110531895, 0.2631566036143457, 0.05188834597293563, 0.5223537043996156, 0.7773339023225471, 0.5156591067750076, 0.7684612225089859, 0.0022919205919941436, 0.002434345291861265, 0.2546191537374997, 0.16290286707114596, 0.234371635869191, 0.027550814226444727, 0.25556413872059863, 0.1606092407055094, 0.2472984538973075, 0.007794164996971045, 0.6788457678695426, 0.26061257107054553, 0.24040197690534795, 0.25408813923518936, 0.3447908102023582, 0.26045762182450627, 0.2503514374040603, 0.2504671363672267, 0.0029024816967521375, 0.24937632445763713, 0.5618981793295267, 0.7608084622294873, 0.7608145464566229, 0.5432104256179205, 0.5213775830044513, 0.27988529364723663, 0.2525698590429999, 0.0756464731497752, 0.03069776057423746, 0.26189940316846794, 0.2290233274144798, 0.2994258639463184, 0.28512374173330285, 0.5030223535841117, 0.5216973601430356, 0.13354959896981877, 0.26510101357784505, 0.012301928790383112, 0.8049413078094595, 0.30627988336323986, 0.2691276045736394, 0.7679807365422657, 0.5119533250334681, 0.30147610765982896, 0.2738247293434237, 0.25954044482507727, 0.7654650124597492, 0.2503478108552195, 0.3540465207833788, 0.0021914607000807795, 0.2928821776755966, 0.766793330089016, 0.5225335044760271, 0.7666974105212556], [0.504046193495874, 0.7119422251840368, 0.7961406288150352, 0.2686208526930853, 0.01260876282590547, 0.965600009195776, 0.26352551386012724, 0.6783694926070877, 0.24417779571648765, 0.6727603900349629, 0.7152913532016173, 0.00040853396431667094, 0.7667352811759724, 0.0, 0.2567002779306297, 0.25875666138285136, 0.6761099369185425, 0.7646463805593082, 0.6829836913133412, 0.6871240244671996, 0.7078176090632352, 0.6759535293686996, 0.0012149616863521182, 0.2664438409908284, 0.684254604429594, 0.6704004179592937, 0.007602585086664105, 0.6062523308458275, 0.7726070608659973, 0.14553731953538912, 0.0051744081787203555, 0.0027823730878510206, 0.00558434418709914, 0.10956130566947166, 0.010087145284965153, 0.2603319500176597, 0.7663898399977327, 0.7543061785855715, 0.8018940406464723, 0.25952244273997294, 0.7970123854746509, 0.9641069427195292, 0.9595343659296426, 0.0036424305072328897, 0.7677161353769768, 0.6772960163030624, 0.6691505887317143, 0.2639037030812549, 0.673726438585899, 0.8111308648128276, 0.26054610052733107, 0.010658072058305015, 0.26702173432138454, 0.02525211476292322, 0.7644454115893399, 0.7645991392206747, 0.677828142857758, 0.866927311889522, 0.790050141763163, 0.7401203309664737, 0.6764886035994973, 0.8642804123662614, 0.7053573608462581, 0.7590091686455417, 0.09651473910231823, 0.6810647972109544, 0.7086170151075966, 0.6693245159860765, 0.7129888449337772, 0.6722867127963151, 0.9601029188489503, 0.6834454554681018, 0.7691020854216901, 0.7165875970179741, 0.2341392382426269, 0.007348823035016708, 0.007339216579444807, 0.2517717404713998, 0.2601333957863438, 0.5071850031300209, 0.691326843364988, 0.7954807108283645, 0.7973240055197564, 0.6773327627835525, 0.7179630606793053, 0.7040081455494674, 0.5040924920091554, 0.2757057501310032, 0.26029679966147945, 0.8360777450721877, 0.5327534671872135, 0.7759053101780913, 0.04706109792599934, 0.7061727162196221, 0.6852622126143739, 0.0028182441342061906, 0.26764580359352635, 0.4734970600114814, 0.6858921362721666, 0.9652174078931622, 0.0026774801586537476, 0.6978463396765766, 0.412690082169674, 0.768701886624455, 0.491259043071982, 0.0011112915908948104, 0.2625232197349408, 0.00013601470508716804], [0.24781085353008794, 0.46898937259522344, 0.5418209353632835, 0.1212426950939706, 0.2578667731377276, 0.7089247020873969, 0.14469082354263316, 0.42561792094560774, 0.14398281430550033, 0.41992158629732335, 0.46995473262766874, 0.2568323021133867, 0.5181890050323933, 0.2567002779306297, 0.0, 0.12651962586643425, 0.4219667636191985, 0.5162515753966085, 0.42978682643057087, 0.43600372542223026, 0.45402830041051406, 0.42172741049358436,